[gd_scene load_steps=4 format=2]

[ext_resource path="res://CameraRoot.gd" type="Script" id=1]
[ext_resource path="res://ColorCam/ColorCamera.material" type="Material" id=2]
[ext_resource path="res://Levels/LEVEL.tres" type="Environment" id=3]

[node name="CameraRoot" type="Spatial"]

script = ExtResource( 1 )
_sections_unfolded = [ "Transform" ]

[node name="Camera" type="Camera" parent="." index="0"]

transform = Transform( 0.707107, -0.408254, 0.577346, 0, 0.81649, 0.577359, -0.707107, -0.408254, 0.577346, 45, 45, 45 )
keep_aspect = 1
cull_mask = 1048575
environment = null
h_offset = 0.0
v_offset = 0.0
doppler_tracking = 0
projection = 1
current = true
fov = 70.0
size = 35.0
near = 0.05
far = 1000.0
_sections_unfolded = [ "Transform" ]

[node name="ColorRect" type="ColorRect" parent="Camera" index="0"]

material = ExtResource( 2 )
anchor_left = 0.0
anchor_top = 0.0
anchor_right = 1.0
anchor_bottom = 1.0
rect_pivot_offset = Vector2( 0, 0 )
rect_clip_content = false
mouse_filter = 0
mouse_default_cursor_shape = 0
size_flags_horizontal = 1
size_flags_vertical = 1
color = Color( 0, 0, 0, 0 )
_sections_unfolded = [ "Anchor", "Margin", "Material" ]

[node name="Camera2" type="Camera" parent="." index="1"]

transform = Transform( -0.707107, -0.408254, 0.577346, 0, 0.81649, 0.577359, -0.707107, 0.408254, -0.577346, 45, 45, -45 )
keep_aspect = 1
cull_mask = 1048575
environment = ExtResource( 3 )
h_offset = 0.0
v_offset = 0.0
doppler_tracking = 0
projection = 1
current = false
fov = 70.0
size = 50.0
near = 0.05
far = 1000.0
_sections_unfolded = [ "Transform" ]

[node name="Camera3" type="Camera" parent="." index="2"]

transform = Transform( -0.707107, 0.408254, -0.577346, 0, 0.81649, 0.577359, 0.707107, 0.408254, -0.577346, -45, 45, -45 )
keep_aspect = 1
cull_mask = 1048575
environment = ExtResource( 3 )
h_offset = 0.0
v_offset = 0.0
doppler_tracking = 0
projection = 1
current = false
fov = 70.0
size = 50.0
near = 0.05
far = 1000.0
_sections_unfolded = [ "Transform" ]

[node name="Camera4" type="Camera" parent="." index="3"]

transform = Transform( 0.707107, 0.408254, -0.577346, 0, 0.81649, 0.577359, 0.707107, -0.408254, 0.577346, -45, 45, 45 )
keep_aspect = 1
cull_mask = 1048575
environment = ExtResource( 3 )
h_offset = 0.0
v_offset = 0.0
doppler_tracking = 0
projection = 1
current = false
fov = 70.0
size = 50.0
near = 0.05
far = 1000.0
_sections_unfolded = [ "Transform" ]


